===============================================================================
 Language            Files        Lines         Code     Comments       Blanks
===============================================================================
 Zig                    16         4182         3104          634          444
-------------------------------------------------------------------------------
 src\parse.zig                     1062          785          169          108
 src\lex.zig                        862          699           63          100
 src\irgen.zig                      531          424           68           39
 src\treedump.zig                   235          183           38           14
 src\grammar.zig                    227          164           40           23
 src\type.zig                       185          131           39           15
 src\util.zig                       160          115           19           26
 src\ParseTree.zig                  160           94           48           18
 src\Ir.zig                         156          114           29           13
 src\vm.zig                         156          113           19           24
 src\buffer_stack.zig               116           77           21           18
 src\debugtrace.zig                 101           60           30           11
 src\disassembly.zig                 82           62            7           13
 src\StringCache.zig                 68           38           22            8
 src\instruction.zig                 65           37           17           11
 src\ego.zig                         16            8            5            3
===============================================================================
 Total                  16         4182         3104          634          444
===============================================================================
